  2352708

     2428      564     1233      561      633      563
     1233      562     1240      556      632      564
     1233      562      631      565      629      566
     1230      565      630      566     1235      560
     1232      563     1233      561      633      563
      631      564      630      566     1230      570
     1227      563     1232      563     1234    11323
     2434      562     1240      555      634      561
     1235      560     1237      558      636      559
     1237      558      636      559      635      560
     1237      557      637      559     1226      568
     1229      566     1230      564      630      565
      629      566      628      566     1231      565
     1231      563     1233      561     1236    11318
     2429      567     1229      565      629      565
     1231      565     1232      562      632      563
     1233      561      633      561      633      563
     1233      561      633      562     1235      559
     1237      557     1228      566      629      566
      628      567      637      558     1260      539
     1225      565     1232      562     1234    11320
     2426      570     1232      562      628      568
     1228      566     1229      566      629      566
     1231      563      631      569      625      565
     1231      562      631      565     1233      561
     1235      559     1237      557      642      553
      635      560      635      560     1236      558
     1228      566     1231      563     1232    11326
     2422      569     1226      568      638      557
     1228      567     1235      560      629      566
     1229      565      631      564      630      565
     1231      563      631      564     1237      557
     1234      561     1236      558      636      559
      635      560      634      561     1235      560
     1231      563     1229      566     1230