  1902758

     2428      565      628      565      630      565
      629      566     1231      564      630      566
      628      567     1229      566      628      567
     1230      565      629      566     1230      565
     1236      559     1233      561      633      562
      632      563      631      565     1232      562
     1234      562     1239      555     1236    12521
     2432      564      629      566      633      563
      637      557     1229      567      638      558
      636      559     1237      558      636      559
     1231      564      637      558     1227      568
     1229      566     1230      565      628      567
      628      567      628      567     1229      566
     1261      534     1230      565     1233    12525
     2425      570      636      559      635      560
      634      562     1235      560      634      565
      634      558     1233      561      633      563
     1234      561      633      562     1233      562
     1240      555     1236      559      635      560
      635      560      634      561     1235      561
     1235      560     1242      553     1227