  2109480

     2459      534     1261      532     1286      509
     1266      529      665      531     1270      526
     1265      530      664      531      684      511
     1286      509      664      531     1265      536
     1260      531     1286      509      664      531
      663      532      662      534     1262      533
     1268      528     1285      510     1265    10696
     2459      538     1258      537     1260      536
     1291      504      659      537     1259      537
     1259      535      659      536      658      542
     1254      537      657      539     1226      568
     1228      568     1292      502      660      536
      726      469      668      528     1289      506
     1259      537     1344      452     1291    10671
     2467      528     1264      531     1286      509
     1256      539      687      509     1266      530
     1266      529      686      509      664      532
     1264      530      664      533     1263      532
     1265      530     1287      508      665      530
      664      531      663      533     1232      563
     1233      562     1265      530     1267    10697
     2458      538     1290      505     1295      502
     1259      535      659      538     1269      527
     1258      537      657      538      656      540
     1267      528      656      539     1267      529
     1268      528     1289      506      667      528
      670      526      664      531     1265      530
     1266      531     1255      540     1256