   973624

     3509     1689      452      417      448     1292
      450      422      454      422      476      397
      480      392      474      399      445      431
      477      396      481      391      475      397
      500      377      478      393      474     1266
      444      428      481      396      448      424
      479      393      479      394      482      394
      482      388      447     1292      450     1290
      453     1289      453      419      510      367
      446     1288      455      422      454      418
      448      425      451      421      445      432
      445      427      481      392      474      397
      478      399      452      421      482      390
      455      418      480      396      480      392
      474      399      477      396      481      395
      449      423      454      419      479      393
      473      408      468      400      445      427
      449      424      453      423      475      397
      478      395      483      390      507      369
      444      427      450     1288      459     1281
      446      430      446      426      482      391
      454      418      448      423      454     9939
     3513     1696      469      397      448     1291
      451      422      455      421      476      397
      448      424      474      399      446      430
      446      431      446      422      507      365
      448      429      479      391      475     1264
      447      427      450      426      482      391
      453      419      479      394      477      399
      451      420      478     1259      452     1287
      455     1289      453      419      447      425
      452     1292      450      420      456      418
      448      424      474      399      446      430
      446      427      450      422      455      418
      500      376      447      424      453      421
      450      422      449      426      451     1289
      453      419      447      425      451     1291
      451      423      454      418      448      424
      452      425      473      398      447     1292
      450      423      454      421      444     1294
      480     1260      451      421      445      432
      444      428      449      423      454      419
      446      430      447      425      483      390
      455      416      450     1297      445     1292
      455     1283      455     1284      448     1295
      447      424      452     1289      454      416
      481     1267      443      424      453     1287
      445      426      450     1293      449      423
      454      419      448      425      451      425
      451      421      451      422      448      424
      453      424      452      420      446      426
      451      422      453      423      455      416
      449     1290      453     1290      441     1297
      446      427      449      423      454      419
      447      429      447      426      451      421
      445      428      449      427      449      422
      459     1279      480     1258      453     1291
      451      421      455      418      448      425
      452      424      452      419      447      432
      445      422      454      423      454      418
      448      424      452      421      477      400
      497      375      481      390      454      420
      478      396      449     1296      446      422
      455      417      449      427      449      424
      453      419      447      424      452     1292
      451      422      454      419      447      430
      446      428      449      423      474      399
      445      427      451      427      449      424
      452      421      445      427      450      429
      448      424      452      420      451      422
      449      428      449     1291      451      421
      445      426      451     1295      447      424
      453     1285      446     1297      446     1290
      452