 16777215

     3474     1751      423      448      418     1323
      419      459      417      455      421      452
      424      450      426      447      419      457
      419      455      430      443      424      449
      427      450      431      441      420     1293
      449      452      424      453      424      452
      423      448      418      455      424      453
      420      451      425     1318      424     1285
      446     1299      454      446      419      453
      423     1290      452      453      423      450
      426      448      419      454      421      457
      419      453      423      450      433      440
      419      458      418      455      420      453
      424      450      426      450      426      460
      409      451      422      451      426      452
      424      449      427      447      418      454
      423      454      422      452      424      449
      430      443      420      457      419      454
      422      452      424      448      418      459
      427      445      422     1317      424     1290
      451      453      423      450      426      450
      416      455      421      451      426     9948
     3477     1755      420      453      423     1318
      424      449      427      450      426      448
      423      450      420      456      421      453
      422      451      426      452      414      454
      422      455      421      451      425     1315
      431      443      418      466      411      455
      421      453      423      450      426      452
      424      446      420     1319      423     1290
      451     1293      449      452      424      448
      417     1324      418      465      411      456
      427      447      423      450      433      444
      428      445      417      456      420      453
      425      452      423      450      426      448
      417      456      421      454      422     1319
      422      450      427      445      420     1297
      445     1294      448     1293      448      459
      417      454      423      450      426      446
      420     1319      422     1300      444      451
      422     1292      452      448      427      450
      426      447      419      462      414      450
      426      453      423      449      427      447
      418      454      430     1316      418     1295
      447     1292      450     1290      459     1286
      449      450      425     1289      453      446
      420     1296      445     1296      446      453
      423     1316      426     1292      451      450
      425      448      417      456      420      467
      409      455      423      450      427      446
      417      460      427      446      420      453
      423      450      427      450      427      445
      419     1328      413     1291      451     1294
      447      454      423      450      426      447
      418      459      418      456      420      452
      424      450      426      451      425      447
      419     1319      423     1290      452     1293
      448      452      424      449      427      447
      420      457      418      455      419      454
      424      449      437      440      427      447
      418      455      421      452      425      452
      424      449      427      446      420      454
      421      455      428     1311      424      449
      428      446      419      460      416      455
      421      453      424      447      418     1327
      425      448      418      456      420      453
      423      456      420      453      424      450
      426      447      418      461      426      447
      419      457      419      452      424      455
      421      452      424      449      427      446
      420      459      427      448      418     1318
      423     1291      451      459      417     1292
      450      450      426      448      417      457
      419

