  1978303

     3507     1631      415      443      420     1337
      418      446      415      451      415      449
      416      449      417      448      417      448
      417      447      424      442      418      447
      421      444      419      446      420     1336
      415      450      416      449      417      448
      417      448      417      448      419      446
      418      447      419     1337      415     1341
      421     1335      417      448      418      447
      418     1338      414      451      415      450
      415      449      417      449      416      449
      421      444      417      448      418      447
      418      447      418      447      419      446
      419      446      420      445      423      442
      420      445      421      444      421      444
      411      454      411      454      414      451
      412      453      413      452      413      452
      413      452      414      451      414      451
      415      450      415      450      416      449
      423      442      417     1339      412     1344
      419      446      419      446      420      445
      420      445      420      445      421     9869
     3482     1666      413      452      413     1343
      420      445      420      445      420      445
      421      444      421      444      411      454
      411      454      412      453      412      453
      413      452      413      452      414     1342
      420      445      420      445      421      444
      421      444      411      461      404      454
      412      456      412     1341      419     1337
      415     1341      421      444      419      446
      411     1345      418      447      418      447
      419      446      419      446      420      445
      420      445      420      445      421      444
      421      447      408      454      411      454
      412      455      410      453      420     1336
      419      446      420      451      414     1336
      416     1346      406     1344      418      447
      423      442      419      446      419      446
      423     1333      416     1340      412      453
      412     1344      419      446      419      446
      420      445      420      445      420      446
      420      444      421      444      411      454
      411      454      412     1350      412     1338
      422     1334      421     1335      417     1339
      413      452      413     1343      420      445
      427     1329      416     1340      412      453
      413     1343      419     1337      417      448
      415      450      416      449      416      453
      413      448      417      448      418      447
      419      446      424      441      451      414
      420      445      420      445      420      445
      421     1336      416     1339      413     1343
      419      446      420      445      420      445
      421      444      421      444      421      444
      411      457      409      453      412      453
      412     1344      419     1337      415     1341
      421      444      411      454      411      454
      412      453      414      451      413      452
      413      452      414      451      414      451
      414      451      415      450      415      450
      417      448      416      449      417      448
      417      448      418     1338      414      451
      414      451      415      450      415      452
      414      449      416      449      416     1340
      413      452      413      452      414      451
      414      451      415      450      415      450
      416      449      416      449      416      449
      417      448      418      447      418      447
      418      447      419      446      425      440
      424      441      420      445      427     1329
      417     1339      414      451      413     1343
      419      446      420      445      420      445
      420

